45 128
32 0.08977504 0.019776246 0.0016137112 -0.09356426 0.123895615 -0.0030180933 0.016983109 0.0026625274 0.11632714 -0.03908708 -0.055616222 0.13543904 0.155438 0.09032967 -0.051838137 -0.118453644 -0.06986291 -0.11909221 0.012461854 -0.17962232 -0.09261674 -0.19474716 0.10491346 -0.20418057 0.015554294 0.14295907 -0.07633305 -0.1884779 0.032677125 0.16150378 -0.07014087 0.01323892 0.075575754 -0.13046761 -0.010988252 0.11031138 0.051652912 -0.02521921 0.21746644 0.15460825 -0.097646296 0.20002618 0.0731714 0.122281045 -0.14118387 0.07925114 -0.14994523 0.06117949 -0.004407881 -0.13177958 0.09076194 -0.29041904 -0.10805915 -0.26731753 -0.03910695 -0.044043265 0.25054237 -0.07859269 -0.23980151 -0.17568965 0.026038244 0.0063139554 -0.091017514 -0.20603399 -0.17215732 -0.016024742 -0.004126136 0.067422695 -0.04685383 0.22183935 0.13166423 -0.024248421 -0.039515827 -0.10982359 0.028750371 -0.05851506 0.055865325 0.059367172 0.15549645 0.1745095 -0.15653637 -0.010381258 0.084408134 -0.022266947 0.0032239333 0.17208359 -0.0006782227 -0.03010511 -0.13070884 0.13105607 0.055651516 0.012024852 0.14489253 0.17939225 0.18552795 -0.076369844 0.040077478 -0.005367689 0.11500815 0.18690656 0.06768838 0.1357199 0.036857076 -0.20228824 -0.014249261 0.06994731 -0.08478735 0.10263759 -0.08220721 0.007809141 0.03997866 0.040016685 -0.11671115 0.0470957 -0.09540086 0.14703515 0.08235232 0.018117147 0.18975496 -0.10246976 0.011242421 -0.09244722 -0.24823093 0.0792137 -0.13562268 0.19460748 -0.14538461 -0.20716617
9 0.06869293 0.018657232 0.010257474 -0.09843797 0.114459164 0.007001495 0.03869645 -0.033243775 0.102937445 -0.059787627 -0.03862406 0.10255269 0.12353333 0.081291676 -0.042444613 -0.12176535 -0.04788806 -0.13569963 0.021469379 -0.17019211 -0.07881871 -0.15076894 0.1035036 -0.19470915 0.013309885 0.13710287 -0.05739083 -0.17010133 0.009623494 0.10861392 -0.06244682 0.059953935 0.034650795 -0.09776412 -0.041616075 0.0878168 0.06988761 0.02837786 0.13364401 0.1811667 -0.06927352 0.1732377 0.055344302 0.13881886 -0.1269144 0.12328654 -0.13635418 0.062696986 0.00544151 -0.0998013 0.031577077 -0.28054458 -0.04560979 -0.27347505 -0.02795507 -0.08349905 0.19147776 -0.08069138 -0.22209306 -0.14988704 0.017613916 -0.012423875 -0.02615539 -0.21030185 -0.13896543 0.0051998366 -0.035961255 0.0396615 -0.02536858 0.22379711 0.13442147 -0.0040286924 -0.03153999 -0.09878509 0.03582523 -0.05225811 0.04713808 0.05818048 0.13801695 0.12716503 -0.19471571 -0.025576107 0.085991666 -0.04307678 -0.010532893 0.1298299 -0.0050079594 -0.05707972 -0.11955229 0.10127073 0.02870958 0.0024617587 0.12453027 0.16271256 0.17096676 -0.0494479 0.035485428 -0.02546669 0.09266496 0.14633547 0.04293515 0.13761352 0.029102532 -0.108353205 0.009574353 0.07483342 -0.06824076 0.03947164 -0.082054675 -0.025495492 0.08132341 0.043619152 -0.09299344 0.06214799 -0.12078896 0.11299756 0.05116872 0.025833733 0.14957842 -0.08082075 -0.008675386 -0.059081674 -0.22760332 0.08265337 -0.071389444 0.15489402 -0.107577704 -0.15089352
14 0.072522245 -0.0059136217 -0.0048635425 -0.107106775 0.10581672 -0.0027492936 0.035683073 -0.01035775 0.12836905 -0.05263334 -0.04048209 0.16833106 0.13423122 0.083725944 -0.06573607 -0.1025218 -0.04974622 -0.115515046 0.021019416 -0.16283143 -0.10218961 -0.18539338 0.11443194 -0.24658167 0.014640217 0.116445355 -0.08270018 -0.20800798 0.015698336 0.1819542 -0.09271247 0.034086663 0.05637791 -0.1502476 -0.014195075 0.13353425 0.0657056 -0.0030959172 0.18604234 0.15242164 -0.093653455 0.21464366 0.07543309 0.12676062 -0.13921756 0.10514566 -0.16172858 0.04120216 0.01316072 -0.11485445 0.07401888 -0.2933174 -0.10482268 -0.2819438 -0.02355394 -0.0600083 0.21002969 -0.06178598 -0.23571648 -0.1785463 0.0023806528 0.010179667 -0.07413634 -0.24739364 -0.13176419 -0.011506972 -0.037522793 0.0711217 -0.055892937 0.2252633 0.11759209 -0.0078032687 -0.0100310845 -0.10284726 0.06391013 -0.060342796 0.048283555 0.041375548 0.12346171 0.16317023 -0.21491437 0.013039201 0.07316074 -0.018574227 0.03320456 0.20656079 -0.0012419133 -0.068302915 -0.14682035 0.17030497 0.05737345 0.0030403966 0.11230958 0.1934398 0.1671838 -0.08671752 0.019994793 0.019933725 0.13884985 0.13904965 0.103970215 0.14219014 0.07747044 -0.15895717 0.004450144 0.06664371 -0.09977103 0.07784997 -0.07549182 0.016550519 0.05783641 0.030059604 -0.110068575 0.09022597 -0.0793641 0.17914012 0.033505328 -0.008672032 0.20348322 -0.08448123 -0.015745405 -0.08810831 -0.26868358 0.095168024 -0.11769157 0.16451399 -0.1240011 -0.19331159
16 0.06616825 0.026874794 0.004735487 -0.084633976 0.12508464 0.005571034 0.032930132 -0.029095512 0.10735194 -0.06311688 -0.026309323 0.09125221 0.12306548 0.08397636 -0.043751176 -0.1248531 -0.057473022 -0.12774752 0.027289456 -0.1682738 -0.07300734 -0.15190339 0.087566815 -0.18119702 0.017402053 0.15212692 -0.06658169 -0.15995672 0.01542638 0.1059047 -0.062231988 0.062477503 0.037160702 -0.08673458 -0.042364538 0.08011041 0.072071776 0.019235225 0.13818187 0.17575298 -0.066111505 0.15606444 0.06032033 0.1263386 -0.118544534 0.11732547 -0.12616846 0.0610698 -0.007845291 -0.096413285 0.038554892 -0.26389763 -0.038192224 -0.2548642 -0.024356151 -0.0735387 0.19677904 -0.07814463 -0.2063403 -0.14702433 0.029699277 -0.0068374905 -0.029755823 -0.19598389 -0.14373823 0.0096657565 -0.027309963 0.03454501 -0.022297338 0.20858224 0.13083065 -0.00971056 -0.028991858 -0.09376956 0.022185318 -0.057109073 0.039219078 0.053664535 0.14267018 0.12743466 -0.16856414 -0.023634516 0.08631362 -0.028838512 -0.016620027 0.10730989 0.0064817835 -0.036894355 -0.11392896 0.09097026 0.028515968 -0.0023569951 0.12921503 0.15302648 0.1736304 -0.043377694 0.043444335 -0.03456603 0.07845086 0.15980509 0.026997266 0.13085003 0.013211921 -0.10947167 -0.005129177 0.073366225 -0.06783817 0.037305005 -0.08224793 -0.029894313 0.06937138 0.05048883 -0.097624466 0.046785206 -0.12555788 0.100102976 0.05855616 0.029161751 0.13543707 -0.08212575 -0.0031278469 -0.052754715 -0.222967 0.06521886 -0.075468786 0.15334097 -0.11160225 -0.14772674
38 0.070921406 0.030519847 0.004389737 -0.0892862 0.12924007 0.005129277 0.025978062 -0.031955045 0.11138405 -0.07038136 -0.032680087 0.09696939 0.12891427 0.08737168 -0.045379426 -0.13469285 -0.06468301 -0.14087455 0.028816313 -0.18097144 -0.069445245 -0.16113953 0.091314875 -0.19147918 0.017929507 0.16408649 -0.062210687 -0.175276 0.01449596 0.1175011 -0.06854042 0.062485445 0.039866462 -0.09224512 -0.04469749 0.0866223 0.07935539 0.023283545 0.14359298 0.18942626 -0.06703291 0.17509368 0.0596359 0.14499925 -0.12613162 0.1268352 -0.14069006 0.060075365 -0.005033508 -0.104233146 0.036358565 -0.2814587 -0.042667586 -0.27472034 -0.03271808 -0.08689389 0.21393728 -0.0862764 -0.2235862 -0.15894441 0.024904309 -0.011014832 -0.024419056 -0.2144231 -0.15553837 0.011289358 -0.030971417 0.02870595 -0.01755267 0.22472265 0.13985765 -0.0092471475 -0.03211734 -0.10366446 0.0213191 -0.055990808 0.037350517 0.06158413 0.15153356 0.12895694 -0.18819922 -0.031363305 0.097068265 -0.04197465 -0.018426124 0.10903274 0.0022558137 -0.046833917 -0.12036173 0.098432064 0.023035096 0.0012724603 0.14253338 0.16699448 0.19306046 -0.043191724 0.037327193 -0.036202215 0.08112645 0.16779992 0.03238463 0.1382406 0.015144014 -0.11917862 -0.00076435 0.073705055 -0.06650416 0.036908112 -0.09344032 -0.042128567 0.075561956 0.053991236 -0.096318915 0.049031783 -0.13866499 0.10521419 0.06311132 0.034301415 0.13651648 -0.08494166 -0.0005372615 -0.05700197 -0.23809676 0.07316829 -0.07882241 0.1611372 -0.11522575 -0.15719204
6 0.07807974 0.030965285 0.0034981512 -0.09002736 0.12682867 0.008583223 0.022856941 -0.022678442 0.108630195 -0.06548814 -0.03789261 0.0928253 0.13260666 0.096230224 -0.042435806 -0.13004312 -0.06370203 -0.13171175 0.017085398 -0.17066902 -0.06896408 -0.16763407 0.08913161 -0.18415934 0.017241906 0.16002467 -0.068295375 -0.17376277 0.020801097 0.1188179 -0.06022765 0.047606397 0.04395381 -0.08881282 -0.035790928 0.08156149 0.067075476 0.0073004034 0.16198204 0.17718533 -0.07020115 0.17054206 0.059415594 0.1344135 -0.13385783 0.109793924 -0.13094312 0.066714406 -0.011701512 -0.110450305 0.050871167 -0.27116325 -0.051077846 -0.26014867 -0.035703555 -0.06737374 0.21494263 -0.087544724 -0.21365254 -0.1523553 0.037889794 0.003899496 -0.037156545 -0.18970406 -0.16018017 0.0026792428 -0.018330315 0.03435188 -0.020523742 0.21227874 0.14134769 -0.017714906 -0.041307915 -0.09302741 0.021193692 -0.061208464 0.039998297 0.0646818 0.15825939 0.13847707 -0.15971215 -0.023093922 0.09364245 -0.029944072 -0.01359672 0.11291214 0.0069266246 -0.02574268 -0.11775476 0.087997034 0.028242992 -0.0073255273 0.1426277 0.15282065 0.18576641 -0.045081764 0.049921013 -0.038653843 0.080362566 0.17732744 0.02822265 0.12959732 0.008506851 -0.13032722 -0.0101229735 0.07319104 -0.06610177 0.05658616 -0.093271025 -0.024206787 0.06074221 0.05924041 -0.104246795 0.0331689 -0.133084 0.098041184 0.068161696 0.040808126 0.14270115 -0.08759483 0.0077084876 -0.056459446 -0.23090197 0.068800785 -0.09430196 0.16632335 -0.12211913 -0.16876172
23 0.09006879 -0.0041830647 0.068203114 -0.20452127 0.29713574 0.22141671 0.15953256 -0.3661789 0.21694073 -0.37686265 0.19215739 -0.17082597 0.094493926 0.22394802 -0.07637134 -0.22531767 -0.011492213 -0.34269562 0.08888792 -0.24593946 -0.04567035 -0.16559534 0.21479067 -0.29507902 0.0560515 0.469595 -0.04960212 -0.12558757 -0.13492751 -0.18549532 -0.084648825 0.4585661 -0.26967633 0.114011094 -0.26645982 -0.10638487 0.32694864 0.3121968 -0.3569152 0.5093285 0.04978985 0.03620578 -0.017600682 0.38229883 -0.37943792 0.50014836 -0.121672235 0.21931207 0.07218483 0.08026691 -0.26119918 -0.5190744 0.30626526 -0.56983215 -0.04849244 -0.4239632 0.057569455 -0.34589806 -0.14693098 -0.11397233 0.14432861 0.07192527 0.37721738 -0.24959245 -0.309008 0.22888933 -0.1631063 -0.2587941 0.041226283 0.4659221 0.3898402 0.038259365 -0.10756423 -0.10557637 0.06255394 -0.2806976 0.06412719 0.1590598 0.30731383 -0.060534887 -0.39648378 -0.111328095 0.41486973 -0.1255554 -0.12317168 -0.24700724 0.118418574 -0.14250365 -0.15945514 -0.2542211 -0.09806861 -0.2921313 0.26231593 0.15926403 0.23786539 0.08338935 0.16120438 -0.24012662 -0.053361412 0.14504129 -0.2475849 0.22543508 -0.16356727 0.46442083 0.02768211 0.13026266 -0.043527648 -0.39177096 -0.2537517 -0.4234222 0.26891363 0.32110372 -0.005621304 0.003783062 -0.4991501 -0.13711017 -0.041803345 0.18187992 -0.12044247 0.0028012367 -0.056106094 0.26224014 -0.43688828 0.0095466385 0.23246156 0.14908482 -0.0325534 0.029882606
7 0.08342504 0.028573858 0.0014837409 -0.09013281 0.1278807 0.004119449 0.023868544 -0.014292821 0.11327711 -0.056088746 -0.042691406 0.121456176 0.14181942 0.08933794 -0.045904245 -0.124842644 -0.063817404 -0.12394023 0.019860907 -0.1750411 -0.07956044 -0.18096422 0.09976198 -0.19058469 0.01301284 0.15077716 -0.0747452 -0.18370607 0.027642427 0.1452121 -0.06377366 0.030546457 0.06016048 -0.10873962 -0.028693533 0.10100715 0.055225708 -0.014160808 0.18853888 0.17062826 -0.08622851 0.18744229 0.06878615 0.1332831 -0.12798657 0.08996552 -0.14349002 0.061589055 -0.011884124 -0.12156304 0.07182847 -0.27899227 -0.07592336 -0.26187125 -0.03581911 -0.056558706 0.2313924 -0.07511358 -0.22720824 -0.159487 0.03596981 0.0039018013 -0.06009243 -0.20080411 -0.1595595 -0.0042512757 -0.014450769 0.0523737 -0.027858242 0.212872 0.13199717 -0.017137634 -0.03707549 -0.10249788 0.023008002 -0.057221845 0.041546397 0.055846732 0.14825618 0.15566972 -0.15544295 -0.018619053 0.083216175 -0.022726854 -0.002280894 0.13613293 0.0029307217 -0.028701644 -0.12442061 0.11011764 0.042752393 0.008710525 0.13527775 0.16563396 0.18585335 -0.05741112 0.038106408 -0.025451394 0.09905618 0.1824338 0.045247536 0.12783456 0.021355035 -0.16960143 -0.017255794 0.074385546 -0.08249403 0.077023804 -0.081464164 -0.0023683181 0.04890925 0.04354179 -0.115162194 0.033723425 -0.11091424 0.12006961 0.07434405 0.021792347 0.16424955 -0.098386556 0.0038897197 -0.076235116 -0.23979811 0.0746213 -0.1146624 0.18041797 -0.13210794 -0.18397617
30 0.06899486 0.012503725 0.025416913 -0.1001437 0.13801196 0.05807059 0.050402686 -0.09510148 0.113986425 -0.11909091 0.0181722 0.024237357 0.10304015 0.10019208 -0.041160993 -0.12332548 -0.032106522 -0.15117091 0.029394368 -0.15498015 -0.0531468 -0.1417678 0.099976085 -0.18513393 0.025389582 0.19232069 -0.047258873 -0.1365657 -0.023109788 0.034693122 -0.059498418 0.12776515 -0.029490136 -0.039344087 -0.07522129 0.026659781 0.116886705 0.07531161 0.021903683 0.21765572 -0.03157666 0.1147445 0.029054498 0.16320625 -0.16311054 0.17281942 -0.11095978 0.08604792 0.016407553 -0.051681716 -0.03180368 -0.27859458 0.035173446 -0.290018 -0.033764616 -0.13366759 0.1341579 -0.120230965 -0.16530861 -0.115175955 0.048104487 0.017973362 0.057977844 -0.17220594 -0.1621393 0.05338089 -0.050486397 -0.03361956 -0.005231466 0.23313272 0.17184682 -0.0019145252 -0.044768948 -0.083458446 0.033111826 -0.09596333 0.040001344 0.06761589 0.15569596 0.06981604 -0.19800475 -0.037840605 0.14338288 -0.046084058 -0.030654129 0.024792872 0.031065052 -0.05385505 -0.104263954 0.0066987453 -0.002687024 -0.060991976 0.13878238 0.13501664 0.16437602 -0.015155347 0.055058125 -0.07164475 0.038508404 0.13175163 -0.026121264 0.1262903 -0.024248853 0.024249816 0.005959395 0.07253455 -0.048587717 -0.050743245 -0.11102639 -0.09940012 0.10125409 0.102230586 -0.062775396 0.026346438 -0.18517242 0.036217127 0.029581232 0.06265503 0.067539036 -0.05287684 -0.015553826 0.017702097 -0.2367775 0.04274712 -0.0037536572 0.1259668 -0.077197075 -0.09762944
1 0.066946834 -0.0070532025 -0.0035796408 -0.10043332 0.106378876 -0.003427242 0.039499667 -0.011993057 0.121362284 -0.047398742 -0.04275479 0.1581342 0.12400029 0.08619817 -0.055902563 -0.10576129 -0.04443141 -0.11893675 0.022185288 -0.15904178 -0.09556149 -0.17318852 0.10962025 -0.23259713 0.016615635 0.10382559 -0.07142599 -0.19473988 0.013351868 0.1617131 -0.08541103 0.036645237 0.04799355 -0.1450631 -0.01698746 0.12420689 0.063951336 -0.0006394143 0.17277421 0.14767186 -0.08202666 0.20405519 0.06848599 0.12241585 -0.1261183 0.10040553 -0.14557295 0.038187794 0.015429151 -0.10465311 0.060386807 -0.27444816 -0.09288514 -0.26560116 -0.020403873 -0.06532021 0.19255799 -0.062942125 -0.22442959 -0.16106279 -0.0035198017 0.0028419066 -0.061079342 -0.23093262 -0.114870064 -0.0050473455 -0.042122375 0.070517 -0.04696964 0.2125394 0.1103045 -0.010197844 -0.011982242 -0.09985907 0.05742966 -0.053896587 0.04508098 0.040832125 0.11107013 0.14751926 -0.20674528 0.006955729 0.060973454 -0.021579882 0.025638163 0.19053532 -0.00083472364 -0.06562306 -0.13228194 0.15590368 0.052870315 0.009452141 0.09478854 0.1823157 0.16146146 -0.077003226 0.014617652 0.010199497 0.12773658 0.12804681 0.09630643 0.12979452 0.073641054 -0.14182027 0.007499092 0.069292404 -0.094487846 0.07080695 -0.075240664 0.01448016 0.070304096 0.025823103 -0.09600006 0.084794976 -0.084142804 0.16004328 0.026648909 -0.0049450193 0.18378912 -0.08155015 -0.020714022 -0.07750304 -0.24897653 0.09596962 -0.1035372 0.14975259 -0.10525195 -0.17898946
29 0.07715491 0.0007010932 -0.0009581297 -0.0953 0.1139133 0.0006757162 0.029055404 -0.015578379 0.12415992 -0.04764332 -0.043465763 0.15226518 0.13181023 0.08561096 -0.055766214 -0.10099739 -0.052626662 -0.11643618 0.017520139 -0.16523397 -0.094526604 -0.18212952 0.114369065 -0.21894068 0.013597561 0.11844057 -0.07795047 -0.18467839 0.020456841 0.15636027 -0.07937021 0.026736226 0.057593428 -0.13321091 -0.01392838 0.11804908 0.06368282 -0.0150941275 0.17625616 0.13881102 -0.09361388 0.18750453 0.066089086 0.12028719 -0.13624129 0.089052364 -0.14746647 0.039220322 0.011738047 -0.10940307 0.07266783 -0.27517676 -0.10504204 -0.26200637 -0.022238016 -0.058912612 0.20883864 -0.06850495 -0.22662495 -0.16540447 0.010922298 0.012965993 -0.07522969 -0.22112389 -0.13393295 -0.009949945 -0.01765005 0.060926948 -0.054658934 0.21608604 0.11019206 -0.015338974 -0.03137223 -0.09122964 0.048132833 -0.05824521 0.058401115 0.045049608 0.1292481 0.15501434 -0.18172014 0.005307922 0.076221526 -0.01979261 0.019235974 0.17809908 0.004497427 -0.049717374 -0.124590866 0.14123228 0.0454257 0.0054754317 0.11445149 0.1763649 0.16222282 -0.08272629 0.033695087 0.017743865 0.12421029 0.1459676 0.08149347 0.1299206 0.057485778 -0.15781967 0.0021445854 0.06918237 -0.09031958 0.082442805 -0.073956236 0.010404756 0.040687278 0.03186056 -0.10048941 0.07981223 -0.085414775 0.15007196 0.04827407 -0.003185109 0.18767889 -0.08484601 -0.0126943085 -0.077178046 -0.23699643 0.086625375 -0.11027304 0.16074824 -0.122511655 -0.18604729
19 0.073994756 0.010726361 0.002686861 -0.09803386 0.11897917 -0.0039610146 0.031372815 -0.009779363 0.11954516 -0.042531017 -0.04792201 0.14724019 0.1403635 0.086749405 -0.05904608 -0.11212791 -0.05324356 -0.1149627 0.013739728 -0.16425182 -0.09156342 -0.18253386 0.11059139 -0.2178756 0.013219806 0.12015928 -0.07088981 -0.18737243 0.020505225 0.15423788 -0.07382379 0.026843028 0.065275855 -0.12544636 -0.01078618 0.11647131 0.061193015 -0.012118693 0.18559687 0.1431935 -0.09350232 0.19594046 0.06895784 0.11993483 -0.13937101 0.088858806 -0.14506076 0.046569943 0.0041527553 -0.1189514 0.07225562 -0.28136307 -0.10391369 -0.26612523 -0.024021609 -0.05358732 0.21512628 -0.0756919 -0.23294766 -0.16757101 0.010582834 0.010384351 -0.08118285 -0.21977215 -0.14662993 -0.0098105315 -0.015096619 0.0606094 -0.04455588 0.22225137 0.11869634 -0.009957708 -0.031910084 -0.094270125 0.041810177 -0.056760624 0.056387074 0.047204707 0.13026957 0.15449828 -0.1836696 0.0023660068 0.07887763 -0.024340011 0.010288196 0.17583376 -0.0029803573 -0.048085287 -0.1264809 0.1432892 0.04491914 0.007541829 0.1267025 0.176666 0.16973905 -0.07996381 0.03232529 0.010766916 0.12485738 0.14945371 0.07846287 0.13785934 0.05947994 -0.16354051 0.00024518737 0.06961602 -0.08499232 0.08277322 -0.07138098 0.0038655093 0.04276611 0.038299832 -0.11025796 0.07487572 -0.08912639 0.15167065 0.06077236 0.0023758782 0.18239869 -0.088745035 -0.002620244 -0.0801986 -0.23794726 0.091408536 -0.11461807 0.1744132 -0.12409942 -0.18678522
8 0.069367416 0.015011386 0.0076580094 -0.09530873 0.12283829 0.010194483 0.029884689 -0.027585384 0.113909185 -0.0659705 -0.029842434 0.11112276 0.1330797 0.09102747 -0.051488813 -0.11845114 -0.056006983 -0.13205723 0.022938356 -0.16397215 -0.0796154 -0.17307991 0.10686096 -0.2014912 0.010567059 0.1514375 -0.073552094 -0.17617749 0.009738564 0.12713555 -0.069859184 0.05010709 0.035232645 -0.10499254 -0.027696231 0.08708746 0.0763258 0.0073735067 0.14862733 0.16991086 -0.077496275 0.17552543 0.061494894 0.13679539 -0.13875337 0.10713986 -0.1357882 0.056724582 0.0012473008 -0.09745891 0.04652 -0.28655946 -0.060952093 -0.27128088 -0.03275102 -0.07156119 0.19981793 -0.08184752 -0.21274702 -0.14889587 0.03253137 0.009507019 -0.04160737 -0.20044133 -0.15248725 0.0032358698 -0.027459629 0.038763262 -0.03365387 0.2220636 0.13755162 -0.012927554 -0.038615923 -0.091893 0.03972319 -0.06790074 0.051080383 0.05437887 0.14179735 0.13926527 -0.17692801 -0.013944672 0.09638814 -0.029242916 0.00016932751 0.12876178 0.0059131794 -0.042888936 -0.12696306 0.10326608 0.03337233 -0.011381672 0.13107176 0.16559473 0.17381461 -0.06266147 0.040442646 -0.0150682675 0.10027445 0.15879935 0.049158163 0.13094874 0.032557696 -0.123320475 0.00033048523 0.0709048 -0.077898555 0.05081551 -0.09090655 -0.019485012 0.059281375 0.053147 -0.103919365 0.053145297 -0.12110056 0.121094294 0.056550536 0.022951007 0.14948167 -0.077157296 -0.003143586 -0.05684988 -0.24282582 0.075255856 -0.087488905 0.16831566 -0.11405027 -0.1657659
31 0.07159589 0.0040371236 0.009238559 -0.10078903 0.12293956 0.0067109126 0.035951495 -0.024753535 0.118974864 -0.06275856 -0.02822917 0.131601 0.13519375 0.09157167 -0.053711012 -0.11154689 -0.045886505 -0.12204665 0.017265607 -0.1677245 -0.090913326 -0.17297822 0.10560236 -0.2214276 0.017178955 0.13548121 -0.07246892 -0.18480234 0.014835245 0.1431071 -0.07633387 0.052181333 0.040735077 -0.121667415 -0.027991014 0.0993235 0.075908735 0.0027721203 0.15724824 0.1692389 -0.07683623 0.1848678 0.06542495 0.12953794 -0.13741568 0.11138684 -0.14220731 0.052457582 0.004945453 -0.09677486 0.056189407 -0.2821278 -0.069955386 -0.27667144 -0.026225895 -0.07112371 0.1952944 -0.07721245 -0.21442147 -0.15387192 0.019397981 0.011792765 -0.051793214 -0.21405016 -0.14527342 0.0050617894 -0.035812486 0.045725998 -0.039017588 0.22326009 0.12374272 -0.0152623635 -0.025486756 -0.09915632 0.048310388 -0.06432685 0.045604948 0.047196936 0.13204414 0.14080434 -0.18835488 -0.0021406845 0.08634293 -0.021783834 0.0119197415 0.15023252 0.008764809 -0.05338088 -0.12915291 0.123927034 0.042569544 -0.010857018 0.116321385 0.16900446 0.16711335 -0.06495752 0.029175656 -0.00711577 0.10460753 0.14605284 0.06550074 0.1341735 0.04843379 -0.12960625 0.00034387282 0.07132389 -0.08571367 0.055931184 -0.087438844 -0.0059970273 0.06766092 0.049379066 -0.09994721 0.061343394 -0.10073117 0.13620053 0.040923636 0.008593798 0.16188578 -0.082364574 -0.010377502 -0.06522237 -0.24989337 0.07686912 -0.09519315 0.1540666 -0.11008973 -0.17656684
13 0.072913654 -0.00039485143 0.002690762 -0.10034867 0.115232624 0.0073006945 0.03922914 -0.024685418 0.12329913 -0.065995894 -0.033408765 0.13530552 0.1315743 0.08406219 -0.051777028 -0.114997424 -0.054127134 -0.12439263 0.024558334 -0.16490501 -0.09627723 -0.17689303 0.10902132 -0.22775322 0.014589082 0.13326026 -0.07453256 -0.19151121 0.0154423285 0.15330663 -0.08124105 0.050626606 0.046272792 -0.12928098 -0.022809125 0.11054749 0.0658114 0.0027244647 0.1651948 0.16174982 -0.084522076 0.19207667 0.067490466 0.12436844 -0.13757578 0.10629239 -0.14838375 0.04910544 0.0029373993 -0.10755491 0.057139464 -0.28091863 -0.07691467 -0.2767966 -0.022229902 -0.06724015 0.20502554 -0.074532695 -0.21949531 -0.1607648 0.012851016 0.0075621596 -0.05562266 -0.22495946 -0.14065805 0.0018059544 -0.036661934 0.056412186 -0.043575983 0.22081299 0.123778805 -0.01104413 -0.018832281 -0.09771066 0.04856947 -0.06482397 0.044645786 0.044947296 0.13046393 0.15072174 -0.19741818 -0.00563259 0.08493979 -0.02033448 0.016653996 0.16442424 0.0018517536 -0.05647972 -0.13310046 0.13193473 0.045015372 -0.005694107 0.11863287 0.17731576 0.16676515 -0.07023575 0.03291587 -0.0015608788 0.11726297 0.14772408 0.07358548 0.13141698 0.0504098 -0.13902593 -0.00034267118 0.07224801 -0.0911558 0.060729325 -0.079099454 -0.0037221054 0.066911034 0.044621553 -0.09821256 0.06826771 -0.098317154 0.14375556 0.04017614 0.013351896 0.1691529 -0.08142678 -0.008032655 -0.06920704 -0.25217396 0.07753122 -0.10543786 0.16302997 -0.11599524 -0.1810098
39 0.073445015 -0.0056310664 0.0035347324 -0.10959679 0.112035245 -0.0014229501 0.041803688 -0.0249524 0.12577812 -0.059780836 -0.038306423 0.14610186 0.13080075 0.08511006 -0.05554447 -0.10736981 -0.044873618 -0.119718164 0.02309472 -0.16855691 -0.09147296 -0.17555633 0.111824 -0.2322508 0.01927272 0.11992393 -0.071153514 -0.19251652 0.015095463 0.15864521 -0.08657931 0.040184934 0.046732116 -0.13735673 -0.023474323 0.11681129 0.072341576 0.0010316484 0.16880895 0.16161737 -0.08561569 0.2006185 0.06679539 0.13052562 -0.13519567 0.1072453 -0.14730884 0.045117274 0.009932414 -0.10396014 0.05964199 -0.2843195 -0.088937834 -0.27959397 -0.023447342 -0.069731735 0.20329455 -0.07112976 -0.22437426 -0.16433422 0.010745491 0.009824581 -0.061863206 -0.23419409 -0.134532 -0.0044196667 -0.0380109 0.061231278 -0.049221072 0.22445087 0.1211576 -0.014730663 -0.019511499 -0.102682926 0.0548617 -0.064661555 0.04940982 0.04238961 0.12964265 0.15098298 -0.20821054 0.0065861377 0.08308582 -0.022054961 0.02508743 0.17716224 -2.3861689e-05 -0.06516681 -0.14039439 0.14652309 0.046889354 -0.0042707925 0.1118527 0.18249604 0.16885942 -0.07852208 0.024932263 0.0067075463 0.12511398 0.1451124 0.08523818 0.135936 0.05884631 -0.14087078 0.008081554 0.076003194 -0.093566485 0.0651576 -0.08063305 0.0048789014 0.0723934 0.04015049 -0.10111158 0.07587076 -0.10272887 0.15503308 0.03503235 0.009623075 0.1848384 -0.077700004 -0.01467569 -0.07340979 -0.2651771 0.088320985 -0.10523105 0.16043054 -0.11355033 -0.18067166
20 0.071714565 -0.0047122384 -0.0012477884 -0.109959066 0.11488956 0.0019566528 0.044287235 -0.0319359 0.11933165 -0.06580091 -0.03376822 0.14315322 0.13356708 0.08800242 -0.060089868 -0.110039614 -0.041281026 -0.12769191 0.019970996 -0.16823417 -0.099030025 -0.1743292 0.11658433 -0.23579301 0.016790042 0.123609215 -0.07467324 -0.19120187 0.013902573 0.15158483 -0.08250346 0.057150446 0.03640146 -0.13153939 -0.025871165 0.11159027 0.072616436 0.0098332865 0.15488173 0.16946113 -0.07857331 0.19179349 0.069981754 0.12644255 -0.13553244 0.121143326 -0.14817084 0.051822003 0.007614665 -0.09799957 0.054461002 -0.28026408 -0.07607244 -0.2807636 -0.019265411 -0.07844703 0.1874024 -0.06922557 -0.22131172 -0.156271 0.011645746 0.006444921 -0.045099184 -0.2249058 -0.1273023 0.002017512 -0.041292503 0.057794288 -0.042225003 0.2208023 0.12021535 -0.011671973 -0.017809931 -0.097434126 0.05393374 -0.05939458 0.04964729 0.040209584 0.12787664 0.14230442 -0.20655234 0.0030098392 0.07879317 -0.024108442 0.025240898 0.17042023 0.0020798787 -0.05998909 -0.1359865 0.13896808 0.04851413 -0.0034421722 0.104876556 0.17669085 0.16122285 -0.06550452 0.025316672 -0.0029762078 0.11748128 0.13787821 0.081959166 0.13556245 0.059957992 -0.121209726 0.009727995 0.075672716 -0.094125986 0.05452576 -0.08228335 0.0023285127 0.0721221 0.037190385 -0.097278945 0.07087746 -0.10296113 0.14934434 0.0331646 0.007499126 0.17477866 -0.0734024 -0.017842622 -0.07119517 -0.25830278 0.08741376 -0.09627522 0.15448427 -0.10967274 -0.17660308
28 0.06969251 0.0059403093 0.0128717115 -0.095932625 0.119089976 0.030355215 0.03753199 -0.05037553 0.113700494 -0.08166505 -0.011927171 0.082897745 0.111257456 0.08741705 -0.04760263 -0.10365603 -0.042762943 -0.12766236 0.02569615 -0.1545189 -0.0764179 -0.14895286 0.10863255 -0.1893401 0.015676148 0.14569263 -0.061152663 -0.14711611 0.0002750276 0.08606089 -0.06471598 0.07270626 0.00905267 -0.07941653 -0.047754988 0.06668721 0.08430854 0.03556828 0.08822945 0.16847095 -0.0592592 0.14037295 0.050232057 0.13553153 -0.14194997 0.132018 -0.123911746 0.05960951 0.012079429 -0.0758159 0.018157225 -0.26634464 -0.03384961 -0.26291305 -0.025067342 -0.0939751 0.1658833 -0.099427365 -0.18545802 -0.13987377 0.030333808 0.012927359 -0.011464488 -0.18766521 -0.14577793 0.023148192 -0.03576391 0.013606801 -0.031530306 0.21319708 0.13094388 -0.0036973679 -0.038860198 -0.07921097 0.040536113 -0.07605362 0.04899142 0.05453614 0.13859133 0.10717228 -0.1811366 -0.01586992 0.10690703 -0.03185429 -0.007106312 0.09657906 0.01304595 -0.050984688 -0.11408379 0.07185733 0.020950925 -0.032635547 0.12254383 0.14717835 0.14553307 -0.04883624 0.045248818 -0.026324082 0.08477617 0.12384761 0.028812198 0.1260798 0.020104205 -0.06108197 -0.00013750451 0.06316209 -0.06728478 0.0060082576 -0.08539651 -0.051943596 0.06255402 0.06743425 -0.076352805 0.054789186 -0.12557589 0.092622004 0.038381755 0.025702037 0.12209213 -0.06577286 -0.008750996 -0.027783753 -0.22696391 0.06383498 -0.054803096 0.14173728 -0.09324259 -0.12798838
5 0.071945064 0.0054427236 0.003875546 -0.097922236 0.12106384 0.008477286 0.028383963 -0.016974969 0.12220535 -0.05264615 -0.034169875 0.13666598 0.13792385 0.08793977 -0.05998953 -0.10681684 -0.05531707 -0.12142266 0.018938797 -0.16536915 -0.090530016 -0.17921552 0.11379501 -0.21786442 0.01704246 0.12943071 -0.0747022 -0.18263249 0.014301284 0.14601159 -0.07774477 0.032751877 0.048431687 -0.11791852 -0.016545119 0.11080978 0.067295276 0.0001994473 0.16256449 0.15576836 -0.084396176 0.18545662 0.06681704 0.12679338 -0.13859557 0.10078329 -0.14592399 0.047028374 0.006769266 -0.101519406 0.067880355 -0.28266594 -0.09062804 -0.2694981 -0.027381249 -0.064786844 0.20659094 -0.08269404 -0.22107261 -0.16252282 0.016981132 0.016599331 -0.06516957 -0.21237686 -0.14360173 -0.00491467 -0.016183095 0.050530594 -0.044565845 0.21605328 0.118034795 -0.010775536 -0.027986858 -0.08977747 0.049703278 -0.05986019 0.05263048 0.04989549 0.13438107 0.14623128 -0.17883582 0.0021273312 0.087222286 -0.019494787 0.0135880755 0.15698728 0.00424846 -0.04661635 -0.12814812 0.12967074 0.044192303 -0.0059522237 0.12209876 0.17266513 0.15716591 -0.07331263 0.037913203 0.008053089 0.11374636 0.14519173 0.07372877 0.1343427 0.05491148 -0.14243221 -0.0001322294 0.06488063 -0.08383873 0.06963648 -0.07628104 -0.005931343 0.049194347 0.040690973 -0.1034132 0.06905847 -0.09905738 0.14144836 0.04869344 0.0021273224 0.16998063 -0.08284926 -0.0021100084 -0.070099324 -0.23912625 0.08574525 -0.105520405 0.16707185 -0.11604375 -0.17346731
40 0.07741869 0.023609402 0.0033117835 -0.088342205 0.11963278 0.006047269 0.025450327 -0.012791764 0.11046753 -0.0572967 -0.04192616 0.114914805 0.13401397 0.08405016 -0.04491656 -0.11580802 -0.06081679 -0.121689506 0.014670542 -0.16794266 -0.07717699 -0.16631381 0.09364268 -0.18339826 0.019020716 0.14568502 -0.065139554 -0.17263916 0.01893238 0.12767152 -0.062490243 0.031766724 0.055210143 -0.10170638 -0.021696992 0.092936106 0.06069461 -0.0063293953 0.17279822 0.16145587 -0.07804175 0.1719023 0.062160704 0.12612756 -0.12678844 0.09137349 -0.13446996 0.05577564 -0.002696756 -0.109060295 0.06359168 -0.26959497 -0.07079294 -0.25182894 -0.029101763 -0.05741893 0.21580073 -0.081920795 -0.20875707 -0.14985165 0.03252089 0.0063797184 -0.0589496 -0.19178167 -0.15062295 -0.003937706 -0.013688346 0.047672454 -0.028628012 0.20804603 0.12576109 -0.014736481 -0.03512427 -0.09502412 0.02353346 -0.055425603 0.041733794 0.056962322 0.14224811 0.1422549 -0.1536159 -0.011862345 0.085274376 -0.025633032 -0.0034474225 0.13268997 0.0036358149 -0.03201769 -0.120482095 0.102565095 0.04118229 0.0007385288 0.13488464 0.1547611 0.17245045 -0.058801316 0.039220788 -0.02060441 0.09754043 0.16754498 0.045750458 0.12870285 0.02252003 -0.14865428 -0.013666063 0.064831994 -0.07232774 0.06956166 -0.08029169 -0.012135444 0.052366853 0.046349008 -0.10690168 0.0418081 -0.11198266 0.11670103 0.07088145 0.025744729 0.15357369 -0.08441725 0.004191621 -0.06748632 -0.23217416 0.0655808 -0.10263287 0.1675754 -0.12161484 -0.17059429
26 0.0744402 0.0057475045 0.0055630626 -0.10403205 0.111621544 0.0046062567 0.03508462 -0.017947666 0.12001074 -0.055757716 -0.034543138 0.13499522 0.13042003 0.08179608 -0.0570611 -0.10849485 -0.04915585 -0.11996278 0.024339128 -0.1651122 -0.088282555 -0.17190298 0.107803226 -0.21401793 0.013798962 0.12260632 -0.069342464 -0.18031348 0.014769691 0.143171 -0.07830252 0.036580186 0.047769602 -0.11718047 -0.022400962 0.10224576 0.06265665 0.007419903 0.15851022 0.15060176 -0.07833441 0.18524948 0.0697266 0.12012873 -0.13563485 0.105626665 -0.1441125 0.04916994 0.012223359 -0.101957455 0.053680204 -0.27409112 -0.084805444 -0.26212978 -0.024856256 -0.06659071 0.198383 -0.073745675 -0.21949337 -0.16153054 0.013065278 0.004045007 -0.058213204 -0.21788386 -0.13866368 -0.0057204897 -0.030774688 0.057462156 -0.04560515 0.21696906 0.11997174 -0.00832626 -0.029875834 -0.095028765 0.050026804 -0.056105904 0.04743552 0.049343105 0.1259793 0.13993372 -0.1898356 -0.002284643 0.080123276 -0.020236768 0.010228369 0.16102733 0.00037079322 -0.05523559 -0.12821952 0.13128252 0.03993073 -0.00299113 0.11787072 0.16526538 0.15895082 -0.069698356 0.026024178 0.00639379 0.11638855 0.13694029 0.071165964 0.13450743 0.05070065 -0.13546376 0.0031801611 0.066014305 -0.08952788 0.05707571 -0.07616332 -0.0072226822 0.056971174 0.0392273 -0.098642126 0.074912146 -0.095219426 0.14239337 0.04813709 0.0020191236 0.17272316 -0.083308995 -0.012553233 -0.06760414 -0.2432762 0.08673797 -0.09676013 0.16135266 -0.11154909 -0.1721014
27 0.06711401 0.015114044 0.0077295667 -0.098279186 0.120320745 0.013146662 0.03207387 -0.028992698 0.10734653 -0.07036234 -0.03037164 0.10189827 0.118203215 0.0928188 -0.04645866 -0.11949 -0.044726163 -0.12577105 0.017908044 -0.15973845 -0.07504106 -0.15883404 0.09550011 -0.19264811 0.019489415 0.14533558 -0.068147674 -0.16857731 0.01068714 0.11629713 -0.066713065 0.058687966 0.03012146 -0.09659369 -0.03423974 0.08434554 0.07420747 0.013868516 0.13529703 0.17618054 -0.072461374 0.17088209 0.05620089 0.1365315 -0.13086776 0.114857234 -0.12859134 0.0582866 0.0050556757 -0.09520054 0.03691914 -0.27428764 -0.048808936 -0.2694611 -0.028214883 -0.081747174 0.19267276 -0.08359542 -0.21102324 -0.14733528 0.027241064 0.0078074886 -0.025012016 -0.20328447 -0.14915505 0.0075970306 -0.032235563 0.03066359 -0.027081775 0.21557808 0.13842364 -0.012679746 -0.034331005 -0.09707311 0.032318868 -0.06510412 0.043366637 0.05925637 0.14671588 0.1300748 -0.18512036 -0.018561108 0.09472175 -0.03332777 -0.0046983194 0.122939035 0.0054013077 -0.046086293 -0.11849891 0.09433907 0.02964634 -0.013675831 0.13055344 0.16338837 0.1705963 -0.052631542 0.04245739 -0.025469705 0.08871061 0.15180461 0.04010274 0.1285308 0.022047428 -0.10832642 -0.0016291428 0.06847305 -0.070858106 0.039157778 -0.089598246 -0.027643098 0.068591736 0.05179572 -0.09967848 0.047298707 -0.12525415 0.10560795 0.04695764 0.026419323 0.14451098 -0.07904019 -0.009408411 -0.05258176 -0.24147907 0.07215047 -0.07535793 0.16191833 -0.10940972 -0.16056024
2 0.07377311 -0.0023887309 0.06637363 -0.17169665 0.25117075 0.20024128 0.13663122 -0.32295427 0.17894298 -0.32960215 0.17686357 -0.16931736 0.069484726 0.18506315 -0.059359457 -0.18771896 -0.0010745735 -0.29007947 0.08443703 -0.20097932 -0.029455539 -0.13081893 0.17233121 -0.23183349 0.04952902 0.40300977 -0.03674121 -0.093189076 -0.122530065 -0.17483589 -0.06244627 0.40171453 -0.2450364 0.11120564 -0.22866239 -0.10742194 0.28078943 0.2808838 -0.33518055 0.43177432 0.047827248 0.015328748 -0.02807318 0.32486498 -0.31846496 0.43155852 -0.091385946 0.19085743 0.06686093 0.08234649 -0.24262266 -0.43016917 0.28117794 -0.47915262 -0.040283646 -0.36507392 0.030565638 -0.29286385 -0.103988186 -0.08268823 0.12969987 0.06277593 0.34199 -0.19148758 -0.26553598 0.19875418 -0.14204101 -0.23921934 0.043824643 0.3905646 0.33299124 0.030417241 -0.097508885 -0.08751984 0.04448237 -0.24608603 0.05098756 0.13355619 0.2630454 -0.069381 -0.3302523 -0.096774474 0.36102793 -0.10969225 -0.11339083 -0.23280285 0.109182954 -0.11603442 -0.1252537 -0.23987207 -0.086750984 -0.25793123 0.22518931 0.124388605 0.19639222 0.08570533 0.13643761 -0.20931281 -0.06117685 0.114871725 -0.22480403 0.18526487 -0.15356535 0.42759776 0.029250275 0.10406026 -0.027506044 -0.35248235 -0.2121552 -0.37768275 0.22932193 0.2852868 0.004857222 -0.0042832983 -0.43162084 -0.13533469 -0.041357238 0.16218153 -0.12515792 0.003271008 -0.041120626 0.24077721 -0.36908358 -0.00024379721 0.21789768 0.12148679 -0.020715147 0.047698308
44 0.06541832 0.015213278 0.01398729 -0.10013936 0.12981425 0.04680991 0.0537616 -0.08521811 0.105581656 -0.10886983 0.0104660615 0.038690194 0.09992789 0.10321643 -0.043130293 -0.122218646 -0.035432898 -0.14934574 0.031545967 -0.15363806 -0.06108913 -0.1342778 0.10677102 -0.17879784 0.01581846 0.18215428 -0.06045594 -0.1329873 -0.012989731 0.043082584 -0.053297922 0.120593406 -0.02916339 -0.046889093 -0.07633171 0.035887014 0.10517292 0.066317745 0.030355247 0.21033433 -0.038410358 0.11509041 0.034161672 0.15637377 -0.1514379 0.16608244 -0.10550479 0.084910795 0.015030104 -0.048324693 -0.019765977 -0.27577847 0.026878577 -0.27721778 -0.028114868 -0.12354192 0.13443288 -0.11229215 -0.16757631 -0.11787112 0.04799792 0.017062174 0.040654425 -0.17603223 -0.1550924 0.04869636 -0.04627309 -0.019002477 -0.007490917 0.22694376 0.15061444 -0.0006377347 -0.04543423 -0.07695558 0.03314998 -0.08425925 0.0395727 0.061245754 0.14765863 0.08035211 -0.18438792 -0.027705422 0.13380654 -0.038274944 -0.025868673 0.04023377 0.025149208 -0.048465375 -0.105583005 0.019477852 0.0060180156 -0.05228809 0.12451454 0.12828133 0.15684931 -0.020460125 0.056643076 -0.0652838 0.0508318 0.12620091 -0.014044719 0.12426733 -0.019199211 0.010976675 0.004529785 0.07617681 -0.060457215 -0.04251197 -0.10375483 -0.0855523 0.095343955 0.091561355 -0.06482554 0.030501414 -0.1666329 0.041757587 0.026807006 0.050620154 0.080772206 -0.057129215 -0.0147382 0.012323165 -0.23640966 0.05064634 -0.011381118 0.12951355 -0.0818621 -0.10491127
35 0.07107653 0.014949804 -0.0007303419 -0.103557 0.1167175 -0.0035627843 0.026834238 -0.008120853 0.11089156 -0.04475777 -0.04295305 0.12998003 0.12928583 0.09384192 -0.05371884 -0.11747375 -0.04839615 -0.11850581 0.020774348 -0.16976708 -0.082347214 -0.17464478 0.100411855 -0.20283023 0.0094160875 0.1306399 -0.07915193 -0.18683429 0.017808868 0.14565212 -0.065781906 0.029663242 0.05111402 -0.123758405 -0.020861046 0.10247181 0.061307684 0.00011181581 0.18299022 0.16524096 -0.0812187 0.19072318 0.06682203 0.13112147 -0.12656046 0.095432155 -0.14791843 0.053614385 -0.00090216636 -0.11808958 0.0649446 -0.28238896 -0.077335574 -0.27084216 -0.030398838 -0.06065461 0.20794642 -0.07174394 -0.23348643 -0.1597513 0.01979207 -0.0011434444 -0.061320066 -0.21347274 -0.1442379 -0.00689413 -0.025553241 0.060559426 -0.038552005 0.21866141 0.12255968 -0.01151069 -0.030163944 -0.09342638 0.03920524 -0.0473519 0.047367044 0.05438563 0.13924864 0.15642448 -0.18095078 -0.008611164 0.076721966 -0.026995026 0.011273073 0.16423498 -0.0033469668 -0.044909894 -0.12027776 0.12077697 0.0408312 0.011103362 0.12053937 0.17195147 0.1728686 -0.069178805 0.033200175 -0.00676861 0.11192348 0.15513673 0.06879704 0.13172974 0.040537473 -0.14596494 -0.0033009637 0.06909806 -0.0848089 0.07292436 -0.07967194 0.008505813 0.06056243 0.031715136 -0.11061053 0.05728071 -0.10073264 0.13270587 0.058670375 0.010788386 0.17745826 -0.08372965 -0.0028541035 -0.074423 -0.23400575 0.08872507 -0.1052511 0.16588232 -0.11900658 -0.18323545
10 0.0681117 0.017795283 0.010000082 -0.09232202 0.1188497 0.0131353615 0.030462798 -0.041825965 0.1084863 -0.07351671 -0.025871519 0.08883749 0.12668438 0.08443086 -0.047511347 -0.11771817 -0.05136235 -0.13261802 0.023801116 -0.16456908 -0.07299186 -0.15977266 0.09914054 -0.18943931 0.016899683 0.1516095 -0.055058688 -0.16173004 0.011803132 0.10400904 -0.06230974 0.07110803 0.02622636 -0.088174984 -0.045519363 0.075958066 0.07818179 0.022392346 0.12424029 0.17807692 -0.06041233 0.16051947 0.049805243 0.13875286 -0.13329266 0.12135281 -0.130895 0.06541802 -0.0040219203 -0.087557085 0.028443335 -0.2711595 -0.038079236 -0.26297125 -0.026087875 -0.08744931 0.19288953 -0.089146815 -0.20232055 -0.14371385 0.02851089 -0.000115983305 -0.014324931 -0.19398227 -0.15120831 0.01738512 -0.03145679 0.022937639 -0.019899212 0.214013 0.13927451 -0.010569445 -0.03505011 -0.097259484 0.031680904 -0.064167365 0.038896512 0.060967382 0.14518228 0.11835637 -0.17899266 -0.024761584 0.09831307 -0.03996279 -0.009744829 0.09798253 0.004257381 -0.045172937 -0.11646752 0.08118495 0.027115589 -0.013635823 0.13415909 0.1531513 0.17082137 -0.040166922 0.04081114 -0.036155112 0.08230983 0.15707348 0.02601429 0.13002418 0.013464282 -0.09713722 -0.0032950453 0.06709432 -0.06645807 0.029831517 -0.08880338 -0.042037304 0.07423339 0.06366227 -0.08632641 0.039997797 -0.12921771 0.095549636 0.0543643 0.033781834 0.1246301 -0.07541857 -0.0049232347 -0.045720335 -0.23001647 0.06112655 -0.07156534 0.15375149 -0.10218071 -0.14682277
34 0.074630804 -0.0072986726 0.06356581 -0.16747588 0.249403 0.19431786 0.13366233 -0.31186897 0.18731335 -0.3280951 0.16798532 -0.14720596 0.080732815 0.19347538 -0.06499545 -0.19181332 -0.004212537 -0.29370508 0.08046808 -0.20595454 -0.0384822 -0.14000446 0.17969222 -0.24983865 0.045605786 0.39880273 -0.04347464 -0.11426246 -0.11058927 -0.15369292 -0.07071312 0.39366084 -0.23105763 0.09573849 -0.2257205 -0.09398581 0.27890813 0.2680358 -0.3086233 0.43754503 0.03498786 0.029612444 -0.020071771 0.3281954 -0.32358164 0.42581248 -0.101421595 0.19097543 0.06309903 0.06921108 -0.22321007 -0.44284168 0.26486084 -0.48290235 -0.040989567 -0.3626762 0.044017524 -0.29301885 -0.12214078 -0.09119798 0.122315764 0.065029815 0.31870896 -0.2038396 -0.27142602 0.19301268 -0.14026923 -0.22804438 0.03737018 0.3952288 0.33520645 0.028246867 -0.09180801 -0.09121063 0.053591557 -0.23824853 0.05671826 0.13298246 0.2644195 -0.05782171 -0.3334688 -0.095367804 0.35601938 -0.108706415 -0.0997835 -0.21440744 0.10490405 -0.1190522 -0.13817352 -0.21523333 -0.081376955 -0.25195894 0.21918577 0.12868105 0.19435605 0.078625716 0.14228924 -0.20376867 -0.046196736 0.12140237 -0.21144234 0.19201587 -0.14024386 0.40150204 0.030494919 0.1093085 -0.0313843 -0.33752912 -0.21396542 -0.36369038 0.23002188 0.2742134 -0.000962942 0.0028952407 -0.42748553 -0.11524822 -0.03846232 0.16159515 -0.10040306 -0.004035096 -0.04460368 0.22742324 -0.37529472 0.011356795 0.20067036 0.12730013 -0.027465513 0.029994275
12 0.07433712 -0.004811845 0.057403054 -0.15586218 0.22633433 0.17125781 0.1227052 -0.28506935 0.17085546 -0.2932125 0.15051287 -0.1329604 0.07628614 0.17562713 -0.054070506 -0.17436561 -0.006746748 -0.2651996 0.07395807 -0.19280517 -0.030933011 -0.12895347 0.16316096 -0.23287912 0.04840811 0.36763966 -0.037534293 -0.10517125 -0.102339596 -0.13878016 -0.06507165 0.3607253 -0.20608558 0.09219925 -0.20774321 -0.07844136 0.25576916 0.24324177 -0.27602142 0.40078154 0.037220974 0.026436834 -0.0115749985 0.29978502 -0.2932891 0.3960705 -0.094462864 0.17422573 0.05618893 0.05383974 -0.21173416 -0.4052497 0.24409185 -0.4448511 -0.04256267 -0.33399752 0.0463199 -0.27002427 -0.11977297 -0.087760635 0.11253934 0.058788132 0.2947869 -0.20156725 -0.24490058 0.17746766 -0.13532905 -0.1993605 0.038817108 0.36124155 0.3039607 0.02314917 -0.084519826 -0.09061 0.043457635 -0.21714777 0.04627229 0.11974913 0.24416804 -0.05175986 -0.3128788 -0.08806859 0.3214582 -0.099552356 -0.10003985 -0.19214343 0.09305384 -0.11305045 -0.12413166 -0.19252335 -0.07655196 -0.22486176 0.2076128 0.12432452 0.18751647 0.0738279 0.1273422 -0.18618464 -0.043571062 0.11182836 -0.19256692 0.17968683 -0.12709051 0.36119553 0.027621867 0.101928554 -0.028659334 -0.3061176 -0.1973674 -0.3264161 0.21814546 0.24720243 -0.0012638897 -2.1656102e-05 -0.39377347 -0.105374426 -0.028193276 0.14948976 -0.09245186 0.0013285371 -0.037561808 0.19471145 -0.34846726 0.012674995 0.17447962 0.11434473 -0.02741227 0.023076467
36 0.09592857 0.006862927 0.0072751385 -0.10031075 0.1305571 0.005874094 0.00082699175 0.0076263417 0.12137683 -0.041334663 -0.046607766 0.1493161 0.17695092 0.09762324 -0.057362705 -0.08683903 -0.06909235 -0.09400487 -0.010537084 -0.15078859 -0.09481362 -0.21934395 0.11155284 -0.19531213 0.01654274 0.14479433 -0.093988724 -0.19097048 0.033583317 0.18246238 -0.06964564 -0.02912536 0.09822464 -0.13635994 0.018573148 0.12019971 0.04103722 -0.06806578 0.24070412 0.12566394 -0.121230856 0.19346301 0.0764133 0.11073756 -0.17008102 0.020025706 -0.1437594 0.0667477 -0.008849505 -0.12848325 0.13802694 -0.28926307 -0.14447154 -0.25774103 -0.0416855 -0.0027515683 0.27042395 -0.08909899 -0.2183879 -0.17271647 0.055658385 0.05540594 -0.13362683 -0.16760308 -0.1986884 -0.028154017 0.030466327 0.072505884 -0.063744135 0.21871078 0.13496558 -0.042695414 -0.054265406 -0.10458894 0.03649517 -0.09114766 0.07024325 0.048197154 0.16493274 0.20715764 -0.1100269 0.021202408 0.11071076 0.0027286801 0.031152833 0.18417978 0.017983828 0.007755401 -0.13238183 0.13193218 0.07677842 -0.0130938245 0.15560867 0.17603719 0.163163 -0.1064941 0.05459478 0.023297887 0.12681471 0.21061425 0.07146345 0.12104953 0.042585786 -0.23565249 -0.03141012 0.061341573 -0.103335 0.14118634 -0.0792621 0.03974812 -0.012703462 0.060073562 -0.14280953 0.020506615 -0.08139274 0.15840591 0.09509129 0.0039603356 0.20452337 -0.10707027 0.028654154 -0.094484195 -0.26766923 0.06199941 -0.17070468 0.2176978 -0.16272652 -0.24855888
22 0.09940565 0.003366396 0.011952706 -0.099328265 0.13625917 0.022314508 -0.0039061215 -0.0003828168 0.13303953 -0.04647184 -0.03185746 0.13468644 0.17625791 0.10375581 -0.058036737 -0.089287676 -0.067550436 -0.10390774 -0.0053515597 -0.15793449 -0.08853617 -0.22149412 0.11403088 -0.19596888 0.013242973 0.17188247 -0.09432845 -0.1787517 0.030732028 0.16407377 -0.06880327 -0.015737815 0.08545732 -0.12044306 0.004611656 0.11116996 0.054255456 -0.06315343 0.21390393 0.14401752 -0.116787985 0.1807752 0.06664299 0.11594128 -0.18346539 0.028322477 -0.14387871 0.06914677 -0.008179431 -0.11644343 0.13531706 -0.3027469 -0.12886581 -0.2696194 -0.05200281 -0.010895459 0.2663357 -0.09823546 -0.21008629 -0.17080173 0.06678938 0.06363895 -0.11842683 -0.15951866 -0.21021217 -0.013762112 0.03459706 0.06278 -0.061319944 0.22954439 0.14220516 -0.038417887 -0.061423093 -0.09883122 0.033084873 -0.1050004 0.07877851 0.05912282 0.17990404 0.20278423 -0.09666277 0.020698601 0.1277218 -0.0013101661 0.030986609 0.16090031 0.021710869 0.010184006 -0.12918273 0.109794974 0.06996806 -0.036190372 0.16350828 0.16575624 0.15847415 -0.10681127 0.070389375 0.013786135 0.12442696 0.21639884 0.049104087 0.1261099 0.025557498 -0.21339734 -0.035044793 0.066875525 -0.103434235 0.1281419 -0.08888363 0.019106194 -0.018152615 0.0736336 -0.13859794 0.016123354 -0.09662868 0.14027242 0.101835094 0.0060741794 0.18587282 -0.103624895 0.028371738 -0.073024236 -0.27075914 0.05083855 -0.15754391 0.2221182 -0.16880342 -0.24093959
41 0.072537296 0.025962653 0.00106888 -0.09063729 0.11690562 -0.003922925 0.024953661 -0.009917222 0.11524835 -0.049432553 -0.043760516 0.12148493 0.13803412 0.08732823 -0.053501464 -0.12425763 -0.059742264 -0.12313914 0.023239413 -0.17512125 -0.08706759 -0.17214607 0.0990157 -0.1959274 0.00806298 0.1346697 -0.07515938 -0.18421009 0.01890339 0.1386923 -0.063413404 0.032220602 0.05783467 -0.11510253 -0.023484442 0.10119995 0.061484694 -0.008062532 0.17575717 0.15829258 -0.08530627 0.18794496 0.06553019 0.13147561 -0.13084142 0.09528406 -0.14708565 0.051233243 -0.0040959334 -0.1189451 0.066896856 -0.28219908 -0.078395486 -0.26590365 -0.032996427 -0.062012054 0.21603347 -0.073288985 -0.23130429 -0.16357763 0.026472563 -0.004109365 -0.06333521 -0.21003118 -0.14737374 -0.005678132 -0.014590425 0.05485025 -0.03735165 0.21791078 0.12581825 -0.010809829 -0.03646527 -0.09361408 0.034086276 -0.055787213 0.050140623 0.05711927 0.1419321 0.15244524 -0.1753269 -0.016455123 0.07913575 -0.025268614 0.004017766 0.14891684 0.00053005863 -0.0373335 -0.12397841 0.120520525 0.043822676 0.0051574875 0.12814015 0.16947213 0.18240395 -0.07030326 0.038002398 -0.013563182 0.11127544 0.16289519 0.05880767 0.13491872 0.04015032 -0.1616173 -0.008157161 0.071604535 -0.07725295 0.07217152 -0.078725606 -0.008177634 0.050397106 0.03555018 -0.106020585 0.057399414 -0.102238104 0.12741652 0.06895975 0.017650526 0.16932131 -0.0924443 -0.0045768665 -0.07279808 -0.23875761 0.08055096 -0.110206045 0.16898577 -0.12225562 -0.17997116
37 0.09681903 0.0058999546 0.0103876535 -0.10357198 0.13369916 0.018107275 0.008413613 -0.0047460035 0.12033708 -0.053280994 -0.031015232 0.12803367 0.16673195 0.10427819 -0.061996672 -0.09200442 -0.062328484 -0.10262518 -0.0003717728 -0.15481752 -0.08371688 -0.21353635 0.116067596 -0.19712472 0.013655029 0.15966703 -0.091173284 -0.18290512 0.02656442 0.16318792 -0.06325619 -0.0048015825 0.07875104 -0.118952945 -0.00036786805 0.11098205 0.050496746 -0.050396144 0.2085769 0.14065436 -0.10513292 0.17848852 0.06833866 0.12008376 -0.175915 0.043345984 -0.13973984 0.07335962 2.5594345e-06 -0.11759645 0.1194252 -0.28960502 -0.11926462 -0.2683888 -0.048473984 -0.02027265 0.2540831 -0.099081166 -0.21419048 -0.16791624 0.05349645 0.05323395 -0.10783403 -0.17083348 -0.19912614 -0.015667528 0.018795481 0.059474144 -0.05244338 0.22281061 0.13998668 -0.035661515 -0.057595573 -0.09955278 0.034647264 -0.0932931 0.06726297 0.052341454 0.16554363 0.19111566 -0.10970234 0.02041687 0.12175156 0.0014121454 0.031599227 0.16084306 0.019440396 0.0038824219 -0.12980722 0.10405991 0.060670994 -0.027735608 0.1488245 0.17131041 0.15961318 -0.09438746 0.056455977 0.006722655 0.11590102 0.20018828 0.058327943 0.12390568 0.02905662 -0.1900805 -0.02797939 0.065001786 -0.09739878 0.11903452 -0.08259032 0.01810897 -0.0053537926 0.068353206 -0.13175702 0.016823245 -0.09677699 0.1346872 0.093197614 0.01390857 0.17911674 -0.1011859 0.023922583 -0.07597464 -0.2609928 0.06254671 -0.14633867 0.2112061 -0.158825 -0.22752538
4 0.09377015 0.0036400137 0.001833955 -0.088363856 0.124562494 0.008431091 -0.0059577213 0.009699644 0.12126246 -0.033562567 -0.04014419 0.14637735 0.17054541 0.09947503 -0.060060617 -0.08782873 -0.06752903 -0.088863775 -0.006665533 -0.14477047 -0.09361048 -0.21303919 0.108422816 -0.18919218 0.013526422 0.14729017 -0.08925258 -0.1832578 0.030860225 0.17222285 -0.062585935 -0.031533316 0.09497718 -0.12561478 0.017760064 0.11295222 0.042092435 -0.07407407 0.23803566 0.121859394 -0.11976619 0.18772136 0.067321606 0.108982995 -0.16959146 0.015095185 -0.13927144 0.06758339 -0.011581892 -0.12956923 0.14250548 -0.2824524 -0.14506336 -0.24904096 -0.043575987 -0.00042291544 0.26204467 -0.08640233 -0.2116474 -0.16642256 0.05319509 0.058405712 -0.13307297 -0.15880185 -0.19785222 -0.023141004 0.03240253 0.074287914 -0.06299328 0.21100761 0.1306697 -0.038057372 -0.055286363 -0.098347664 0.030896544 -0.08765153 0.07140145 0.055745237 0.16240825 0.2066796 -0.0926941 0.021961583 0.112389825 0.0023837525 0.0338689 0.17379855 0.016507886 0.010117735 -0.1296841 0.12287574 0.072783306 -0.018059758 0.15408555 0.16743585 0.15811917 -0.10951012 0.059335962 0.020739598 0.13074726 0.21045473 0.07169374 0.11499154 0.04024089 -0.23029658 -0.037384495 0.06091465 -0.10264434 0.14457424 -0.08137737 0.037221838 -0.018000416 0.060267176 -0.13986123 0.01569808 -0.07693397 0.15533186 0.10364315 0.007857818 0.19392191 -0.10890102 0.026625818 -0.08818562 -0.261986 0.061559882 -0.16649742 0.22067384 -0.164854 -0.23961778
18 0.075894386 0.01248021 -6.096455e-05 -0.094414674 0.11954348 -0.00093547977 0.03144335 -0.0073562916 0.11605858 -0.0437109 -0.03810402 0.13417315 0.13992128 0.08640265 -0.04909453 -0.11125527 -0.05566212 -0.114593916 0.01965433 -0.16638106 -0.08416898 -0.1731943 0.10021907 -0.20760892 0.011205169 0.1312815 -0.08183521 -0.18515278 0.021061644 0.15053287 -0.07443106 0.025071274 0.059048783 -0.12213829 -0.015652178 0.10732274 0.055846117 -0.009271937 0.18416815 0.15149912 -0.084538326 0.18284664 0.07069867 0.122457415 -0.13010685 0.09081414 -0.14192653 0.047592524 0.006177552 -0.113008104 0.068368785 -0.2777214 -0.08840148 -0.2602207 -0.0297527 -0.056158368 0.2137608 -0.07221139 -0.2215939 -0.156927 0.026176969 0.0073226276 -0.07228649 -0.20986916 -0.14426294 -0.011782095 -0.013705305 0.064944945 -0.039903883 0.21707106 0.11364911 -0.011337458 -0.03413197 -0.09371437 0.041514717 -0.057470515 0.052352622 0.0466596 0.14130801 0.15772253 -0.17351007 -0.003692762 0.07652714 -0.016394407 0.011032427 0.16220169 0.0034996392 -0.038917974 -0.12573083 0.12529564 0.04621508 0.0016531933 0.11874529 0.17257474 0.17053212 -0.07698422 0.03813725 -0.00090835337 0.11217723 0.1595965 0.071081504 0.13416974 0.044882 -0.15856382 -0.0067273243 0.06812264 -0.085424714 0.08076909 -0.07547977 0.008821197 0.046297234 0.032198004 -0.11178351 0.056075983 -0.09525591 0.14142154 0.05899026 0.011489421 0.18175653 -0.0841377 -0.0005976258 -0.07732522 -0.24242702 0.07825747 -0.111223355 0.16752887 -0.12841715 -0.18460451
3 0.0675686 0.018473025 0.010049657 -0.095768556 0.122997746 0.018454034 0.028035859 -0.04017248 0.10543545 -0.073793225 -0.02033628 0.08750887 0.11684172 0.08500923 -0.043620117 -0.11814034 -0.048987124 -0.13270034 0.019565096 -0.16055879 -0.06982456 -0.15835848 0.09425695 -0.18233539 0.014785438 0.1483454 -0.06177517 -0.1607328 0.008774044 0.1029296 -0.0634358 0.06596573 0.02376473 -0.08264069 -0.036615137 0.0756356 0.07772492 0.018227452 0.116860755 0.17227376 -0.063146815 0.15109237 0.052007206 0.13577865 -0.13339463 0.114453994 -0.12841193 0.061760474 0.00038014195 -0.08789415 0.027580863 -0.2646081 -0.042492308 -0.2584081 -0.02801181 -0.080263294 0.18885978 -0.08888497 -0.19879514 -0.13682812 0.035353687 0.009377749 -0.023749452 -0.19271697 -0.15188494 0.015584649 -0.03073327 0.023772517 -0.024880765 0.21568279 0.13897496 -0.012272797 -0.04211406 -0.08693955 0.034113903 -0.067223325 0.049443234 0.06328448 0.1419289 0.123242706 -0.17889947 -0.020709665 0.10753269 -0.035159502 -0.009545855 0.105350554 0.0118856905 -0.041875485 -0.116317905 0.07483343 0.025471382 -0.022966435 0.13655972 0.15371342 0.17219357 -0.044900134 0.04300677 -0.0293605 0.07958404 0.15594946 0.031294886 0.13279891 0.01665536 -0.089636765 -7.804456e-05 0.071747325 -0.0699534 0.033537377 -0.089909114 -0.039412454 0.06827567 0.061753124 -0.09507171 0.043308638 -0.1305775 0.09323363 0.051382262 0.029978316 0.13372892 -0.06843801 -0.00808223 -0.044187464 -0.23480748 0.061939422 -0.06691468 0.15310548 -0.10597127 -0.14869693
0 0.07973962 0.012071898 0.00516318 -0.093923524 0.12999888 0.00918124 0.028040074 -0.028975157 0.12110262 -0.067121446 -0.028539248 0.117316954 0.13848715 0.0892912 -0.047724556 -0.118151985 -0.060242195 -0.12910117 0.02109856 -0.16824271 -0.08144903 -0.17791992 0.10253145 -0.20638937 0.016638495 0.15219857 -0.06941546 -0.17819588 0.017486213 0.13211438 -0.07471511 0.04981303 0.04332986 -0.104482785 -0.02800321 0.0986365 0.07415193 0.006865947 0.15240322 0.17159301 -0.08294595 0.17741616 0.0627427 0.13504407 -0.14431871 0.10815428 -0.14183868 0.055828158 0.0030130127 -0.1051318 0.051160015 -0.28415105 -0.069770224 -0.27338353 -0.027691513 -0.07234176 0.21350145 -0.08593737 -0.21336733 -0.15743898 0.025661614 0.009328977 -0.050414346 -0.20878045 -0.1539752 0.005195988 -0.022082971 0.04483298 -0.037680466 0.22517529 0.13568 -0.012606871 -0.03570527 -0.09955908 0.032143977 -0.067282565 0.052910883 0.0563423 0.14816314 0.13899179 -0.1759663 -0.010765407 0.095473565 -0.031329766 0.0014024447 0.13676868 0.0055149724 -0.03996021 -0.12567496 0.10894692 0.035960395 -0.009035237 0.13945465 0.1639941 0.176117 -0.06511258 0.041724592 -0.015547687 0.10107003 0.16156784 0.04550993 0.13381916 0.029071359 -0.1341741 -0.0037662964 0.07156319 -0.08135259 0.05477223 -0.08690314 -0.024343846 0.05605703 0.055197176 -0.10302763 0.055853684 -0.12004594 0.124163255 0.059038732 0.022658404 0.15921278 -0.08578533 -0.0021174601 -0.056751713 -0.24536005 0.07446565 -0.092594706 0.17219621 -0.120246574 -0.1719395
42 0.07644324 0.00956957 -0.0002903166 -0.09522708 0.11551692 0.006863234 0.028130526 -0.020553801 0.11438959 -0.0520422 -0.033974875 0.12368407 0.13491762 0.08644371 -0.054444518 -0.1084195 -0.052872315 -0.11280556 0.014027404 -0.1590002 -0.08761688 -0.17177431 0.104740255 -0.2050359 0.01257223 0.13920149 -0.07648493 -0.17398813 0.021089042 0.13855377 -0.07286274 0.032197963 0.046502244 -0.1103515 -0.024204016 0.097378574 0.06388714 -0.0037440024 0.16700423 0.15643387 -0.08585968 0.17571265 0.06040564 0.12081648 -0.1365832 0.09417772 -0.1369997 0.057786833 0.0036111632 -0.10492736 0.06947391 -0.27023742 -0.07989452 -0.2606911 -0.030299995 -0.06085025 0.20776851 -0.07982608 -0.20960298 -0.15023337 0.022123052 0.015071522 -0.06412413 -0.19954139 -0.15293017 0.0017497202 -0.02115651 0.05249391 -0.04195304 0.20926365 0.121984385 -0.017551368 -0.035878357 -0.09553007 0.03983207 -0.06728673 0.051284544 0.049652386 0.1375994 0.14513911 -0.1633863 -0.0031860708 0.08712958 -0.023348786 0.012111575 0.14530478 0.0048364243 -0.036932193 -0.12592313 0.11310255 0.041395664 -0.0067185364 0.12137539 0.16570923 0.16158825 -0.06902236 0.03595624 -0.0039506224 0.10886898 0.15263742 0.060140215 0.12715775 0.037611168 -0.14319304 -0.0072717015 0.06762321 -0.08509971 0.06855591 -0.079192236 -0.0050765965 0.04602699 0.044327915 -0.10060434 0.052371033 -0.100296676 0.12864873 0.05750563 0.010581307 0.16366632 -0.08752711 -0.0010159982 -0.062226344 -0.23884709 0.073115684 -0.103759654 0.1693538 -0.11820888 -0.17574884
17 0.06833486 0.0056529334 0.008439762 -0.09313076 0.11996289 0.03245567 0.04160211 -0.06314951 0.10954366 -0.08597831 0.00043237885 0.06689567 0.1127906 0.091509685 -0.043901786 -0.1054394 -0.037264727 -0.123602144 0.026747916 -0.14551274 -0.06927502 -0.14632866 0.10495533 -0.18093488 0.016360495 0.16047417 -0.06410589 -0.1415443 0.0002781325 0.07860871 -0.06044801 0.08590039 0.00057761814 -0.06462247 -0.0528538 0.061256517 0.08597567 0.030721962 0.0714819 0.18153074 -0.053978175 0.12951058 0.04355653 0.13637948 -0.14508931 0.13306408 -0.11574872 0.070124455 0.008515705 -0.059147965 0.016745174 -0.26200286 -0.018260485 -0.2571395 -0.027375754 -0.09696435 0.16155848 -0.10040307 -0.17173506 -0.12521724 0.041232064 0.021313986 0.0017719234 -0.1730719 -0.15247074 0.029174404 -0.0288096 0.005666795 -0.026980767 0.21227525 0.13478553 -0.0086285295 -0.036337376 -0.08189231 0.037733376 -0.07854077 0.045302764 0.05271595 0.14308167 0.103057146 -0.16507381 -0.017752223 0.12098351 -0.029553032 -0.0042459015 0.075081505 0.02174026 -0.040173765 -0.104760066 0.048134133 0.021644302 -0.040443566 0.12261917 0.13825762 0.14227803 -0.036574192 0.052256525 -0.03348835 0.07244335 0.13193634 0.013411162 0.12035586 0.0057213185 -0.047370605 -0.0024758854 0.062899895 -0.068982825 0.0021167696 -0.088886276 -0.05505821 0.067600034 0.07097125 -0.075992 0.035751645 -0.139233 0.07795924 0.038050268 0.029096777 0.104021184 -0.06273281 -0.0073849983 -0.014140286 -0.2323549 0.05453715 -0.046212547 0.138881 -0.094689906 -0.12324776
33 0.08871763 -0.0023709843 0.07437171 -0.21105668 0.30751815 0.24635772 0.17149733 -0.39228436 0.21449517 -0.40140897 0.21187156 -0.20465313 0.08825332 0.23371294 -0.07263038 -0.22773819 0.0012928516 -0.35774046 0.098263584 -0.24392128 -0.03478976 -0.160447 0.22002834 -0.29411662 0.058918826 0.49400687 -0.04110508 -0.11315314 -0.14481795 -0.2212342 -0.075925246 0.4961493 -0.30019256 0.1409997 -0.29078868 -0.13055617 0.3516394 0.343185 -0.40687427 0.5353412 0.06518291 0.011869018 -0.035642955 0.40196362 -0.3939376 0.5333031 -0.1131944 0.23350853 0.07760622 0.10213784 -0.29511955 -0.52897334 0.34500143 -0.5878845 -0.054927114 -0.45357412 0.037782222 -0.365892 -0.132856 -0.09951915 0.15194312 0.07659597 0.4158062 -0.23609899 -0.32564086 0.24851498 -0.17951 -0.2952835 0.0565822 0.48018464 0.4074921 0.041118793 -0.11892016 -0.108524665 0.05691891 -0.29067773 0.06260189 0.1675775 0.32378554 -0.08554713 -0.40740487 -0.12206691 0.43841624 -0.13699153 -0.13221388 -0.29144198 0.1295546 -0.14222571 -0.16097711 -0.29702088 -0.106012195 -0.3185028 0.26894543 0.1528754 0.23521322 0.10600284 0.17305505 -0.26176134 -0.07421426 0.13303685 -0.27534524 0.22829045 -0.18838625 0.52689266 0.03463295 0.13398579 -0.032293424 -0.4315363 -0.2613858 -0.46364975 0.28615546 0.34962103 0.0070858905 -0.008702438 -0.5343123 -0.16817676 -0.048622187 0.20238018 -0.15677562 0.0067197373 -0.054407522 0.29828206 -0.44598925 0.003297417 0.2694087 0.14028779 -0.016883804 0.059623197
24 0.08258863 -0.004705404 0.06962629 -0.18350202 0.27448568 0.21699534 0.15201397 -0.35002476 0.19798134 -0.36361262 0.18507536 -0.17666048 0.085229956 0.20279813 -0.06404731 -0.20177592 -0.0072624283 -0.31938064 0.08294451 -0.21620364 -0.031015841 -0.14225996 0.19630215 -0.26382467 0.057502236 0.44430786 -0.036660835 -0.10358307 -0.1276229 -0.19459929 -0.071069285 0.43785408 -0.2649395 0.12574068 -0.25509864 -0.11090344 0.3106296 0.29766273 -0.36383864 0.4741191 0.05141223 0.014072534 -0.028179219 0.36026862 -0.3534747 0.4765165 -0.09806849 0.21020065 0.06768013 0.08485708 -0.26256073 -0.47244358 0.3089878 -0.52503777 -0.050825264 -0.40008938 0.034737762 -0.32798517 -0.11659683 -0.095479466 0.14039701 0.074179724 0.37091154 -0.21968506 -0.2940658 0.21747966 -0.16052862 -0.26084626 0.04588377 0.4282378 0.36875355 0.032450683 -0.10336104 -0.09832654 0.05690184 -0.2616537 0.060497202 0.1463118 0.2865624 -0.074395776 -0.36541966 -0.10578995 0.39557397 -0.11551174 -0.12242644 -0.25407228 0.120752186 -0.1341768 -0.14353566 -0.25631642 -0.09552372 -0.2778826 0.23896284 0.13553947 0.21298307 0.096384525 0.15033038 -0.23325467 -0.065680616 0.12027795 -0.24950902 0.20126235 -0.16462234 0.4645374 0.027663145 0.118420675 -0.03271962 -0.38723078 -0.23823862 -0.41152173 0.25363487 0.31300256 0.009510939 -0.005470803 -0.47698882 -0.1479638 -0.03890308 0.18244125 -0.13060912 0.004865091 -0.04934725 0.26057062 -0.40534732 0.0003687907 0.23314941 0.12437148 -0.016676636 0.04251377
25 0.076847725 -0.008907425 0.0021702503 -0.10766396 0.11568349 -0.0074975835 0.032969303 0.007874397 0.12343572 -0.039094485 -0.05257278 0.17988732 0.14444505 0.092611924 -0.06542884 -0.096743524 -0.050877172 -0.11177006 0.009355749 -0.16601753 -0.10497369 -0.19690484 0.11728269 -0.23439015 0.015913006 0.11287237 -0.09056675 -0.20896386 0.024337472 0.18787524 -0.08443192 0.0056592063 0.0725276 -0.15505561 0.0045429985 0.13464186 0.056191925 -0.030505618 0.22025535 0.13918285 -0.10501472 0.21467572 0.08342863 0.114802085 -0.14426635 0.07483829 -0.1593259 0.045686617 0.011378561 -0.12725139 0.09824519 -0.29029697 -0.12880364 -0.2753014 -0.028203938 -0.03790082 0.22633488 -0.06234475 -0.24210879 -0.17621204 0.0062690717 0.018203093 -0.09969186 -0.2320721 -0.1383199 -0.01960171 -0.021080721 0.082114644 -0.05893324 0.22102869 0.109772466 -0.016668217 -0.023893535 -0.09784657 0.061443992 -0.057287037 0.061045207 0.04290342 0.13119078 0.18524057 -0.18834059 0.01394201 0.067210615 -0.0072182734 0.039302006 0.21817072 -0.002771234 -0.0510998 -0.1435044 0.17117932 0.060771007 0.009577298 0.11301711 0.1937069 0.16556835 -0.100755684 0.027133463 0.022797517 0.1421161 0.1520183 0.11193384 0.13294783 0.08086826 -0.19850801 0.0005502871 0.06503184 -0.10165657 0.10627075 -0.07329034 0.038828332 0.038642444 0.02668381 -0.12148434 0.0818434 -0.07089343 0.18411143 0.052373827 -0.01354814 0.21673499 -0.092863776 -0.010346608 -0.09932577 -0.26044172 0.096096136 -0.13935512 0.17893553 -0.13006444 -0.21712668
43 0.062335245 -0.010813005 0.015045359 -0.10107167 0.11913554 0.028175958 0.048761707 -0.051136777 0.11574995 -0.08670473 -0.0026417922 0.09555966 0.109662116 0.09484554 -0.052062057 -0.09325147 -0.033686925 -0.12482849 0.019446788 -0.14498411 -0.075608335 -0.15572895 0.1139258 -0.20453659 0.016352879 0.13703361 -0.063051544 -0.15844579 -0.0035112628 0.09814736 -0.07412387 0.07901944 0.00883077 -0.087395296 -0.037753206 0.07610913 0.089867465 0.031053867 0.083064556 0.16999027 -0.06262397 0.14962153 0.048765525 0.13219301 -0.15609653 0.12690143 -0.12548839 0.06330683 0.02385139 -0.069604374 0.020897552 -0.26620647 -0.036370132 -0.26803058 -0.026861858 -0.09438946 0.15012714 -0.09299513 -0.177839 -0.1362162 0.028167233 0.026368689 -0.007194761 -0.19597703 -0.14016214 0.019196415 -0.03938268 0.017592683 -0.03579897 0.21940228 0.13181815 -0.002531085 -0.027429113 -0.0803849 0.05359033 -0.07879726 0.048407402 0.05072807 0.12915818 0.11004329 -0.19476603 -0.00031560357 0.10826322 -0.023553407 0.010626756 0.11327226 0.020617621 -0.062332224 -0.11507581 0.07743906 0.024310267 -0.03942279 0.11165613 0.1501836 0.14438036 -0.050674416 0.040108323 -0.011543402 0.09061978 0.1165971 0.035729486 0.12066359 0.032710034 -0.052475635 0.0074205464 0.061525192 -0.07670306 0.011533678 -0.08797432 -0.038506854 0.07035032 0.06296525 -0.07296937 0.05915437 -0.11571613 0.10189196 0.026976418 0.016739799 0.12467187 -0.055999793 -0.016121283 -0.028721413 -0.24139841 0.06649929 -0.050072227 0.13828295 -0.09363714 -0.13520755
11 0.08124861 -0.0024425525 0.00084131537 -0.10242626 0.109745786 -0.015292512 0.020147435 0.015626855 0.12565348 -0.036742643 -0.057495482 0.19380778 0.15368196 0.08296769 -0.06799671 -0.09588518 -0.058748335 -0.10339754 0.0061346563 -0.16182801 -0.11179547 -0.20902568 0.11625699 -0.24088281 0.01615653 0.10641675 -0.09006416 -0.20983395 0.029305188 0.20805766 -0.08786251 -0.008255417 0.09308709 -0.16981752 0.0127473585 0.14672898 0.051088445 -0.045384314 0.24524175 0.12870842 -0.11185806 0.23164788 0.08657873 0.11268503 -0.13504343 0.056105755 -0.16599494 0.035943415 0.0054567936 -0.13842528 0.11099388 -0.29334033 -0.14738356 -0.2676528 -0.033002514 -0.025782663 0.24580601 -0.054013398 -0.24905904 -0.18264703 0.009616692 0.021135705 -0.11995605 -0.2309269 -0.14252429 -0.027478999 -0.01623147 0.09168018 -0.06738396 0.21957803 0.11181869 -0.024513513 -0.017228264 -0.103184685 0.05874481 -0.055452377 0.056068033 0.04161796 0.12694508 0.19142058 -0.18599391 0.02486549 0.0652654 -0.0059264405 0.044622142 0.23652202 -0.007907259 -0.046564557 -0.14609808 0.18706737 0.06731767 0.01748601 0.11866291 0.1957176 0.17000778 -0.104825236 0.019786078 0.03556917 0.15211678 0.16476497 0.123744935 0.13660993 0.08687325 -0.22177145 -0.0025348135 0.064294666 -0.10731712 0.12618352 -0.07524404 0.048050974 0.03351053 0.022792997 -0.12465771 0.08380183 -0.06056749 0.1985409 0.058336925 -0.02027213 0.22900605 -0.098085366 -0.008652152 -0.114216305 -0.26465106 0.09969114 -0.15805547 0.18409126 -0.1387704 -0.23119675
15 0.07262624 -0.0031225577 0.0036938016 -0.10574661 0.11538483 0.004753956 0.033071555 -0.019178793 0.12147677 -0.056200963 -0.035227045 0.14233944 0.13517587 0.09142336 -0.05562504 -0.102207996 -0.050606847 -0.11796703 0.019774597 -0.15910082 -0.09771867 -0.18064845 0.11408492 -0.22550829 0.0156427 0.12216776 -0.07723199 -0.18735011 0.014139197 0.15301605 -0.07864434 0.03787951 0.051898345 -0.12833221 -0.017868193 0.11282266 0.069130026 -0.0043864697 0.16752024 0.15574461 -0.088721655 0.19463453 0.070632376 0.12567101 -0.14091007 0.10086781 -0.14185339 0.047939956 0.0069975886 -0.1108314 0.065014325 -0.27859834 -0.09077082 -0.27109492 -0.027412402 -0.06505656 0.2021494 -0.075892836 -0.21841742 -0.1633365 0.012837002 0.017738339 -0.060969178 -0.21526316 -0.13759184 -0.00041164982 -0.028972844 0.05483324 -0.04968323 0.21832485 0.12174921 -0.015892435 -0.028030992 -0.09510054 0.05102347 -0.063190766 0.055552125 0.049905285 0.13399054 0.15225002 -0.19015028 0.005112664 0.08125124 -0.017665632 0.023711268 0.17032845 0.0044331765 -0.052622274 -0.13222742 0.13476416 0.049114343 -0.0056552584 0.11784945 0.17934386 0.16068421 -0.07336381 0.03437029 0.0018342999 0.11771372 0.14360921 0.07989974 0.13309483 0.057911415 -0.14192256 -0.0028928134 0.0675657 -0.08984864 0.07109446 -0.07951067 0.0032881766 0.056638867 0.04080288 -0.10295253 0.06762122 -0.089992926 0.14969517 0.044598535 0.005433789 0.17693233 -0.08096938 -0.013529585 -0.0709538 -0.25525323 0.081007384 -0.10433063 0.16421947 -0.116860695 -0.18882722
21 0.0773074 0.009516007 0.005119181 -0.08826238 0.11222599 0.00014751541 0.017966514 -0.0077222832 0.111100644 -0.04921279 -0.036181737 0.1319307 0.13889502 0.083375335 -0.050945338 -0.103658 -0.05957327 -0.108527005 0.0100389905 -0.1554478 -0.08672288 -0.17753285 0.102028586 -0.19349705 0.012431399 0.13352676 -0.074799664 -0.17769095 0.021675378 0.1451174 -0.07112998 0.021621801 0.05978594 -0.11938931 -0.014618729 0.10389021 0.05542714 -0.023144796 0.18487763 0.1426922 -0.0904377 0.17971385 0.063973494 0.113398336 -0.13158944 0.07297056 -0.13964385 0.046647772 -0.006249554 -0.11251679 0.077428386 -0.26868537 -0.09193571 -0.25056636 -0.028803978 -0.04144912 0.21364334 -0.06842709 -0.21194482 -0.15826952 0.024305081 0.0138774365 -0.0740277 -0.19601972 -0.15227279 -0.011094585 -0.012906618 0.05903029 -0.03922761 0.20732668 0.122036055 -0.020933216 -0.035966825 -0.09495832 0.03822648 -0.06384858 0.05309162 0.049960848 0.13281114 0.15229799 -0.15315282 0.0016094482 0.083795965 -0.02093659 0.014584291 0.1584421 0.0024523088 -0.02938128 -0.121211596 0.12099633 0.05030244 5.428349e-05 0.1279509 0.16274893 0.16099721 -0.072071224 0.03260395 0.0026259422 0.10922558 0.16286625 0.060067326 0.124264926 0.039663874 -0.167313 -0.011931732 0.06553431 -0.08601216 0.081690334 -0.07602918 0.009086112 0.041179795 0.04134065 -0.10824056 0.045033872 -0.08910904 0.13786317 0.060899194 0.009384963 0.16901888 -0.08875439 0.0023147033 -0.077742726 -0.23387934 0.07196013 -0.11629337 0.1690226 -0.12721543 -0.18418396
